image_width: 346
image_height: 260
camera_name: DAVIS-00000258
camera_matrix:
  rows: 3
  cols: 3
  data: [266.928596, 0.000000, 174.539844, 0.000000, 266.937083, 116.191419, 0.000000, 0.000000, 1.000000]
distortion_model: plumb_bob
distortion_coefficients:
  rows: 1
  cols: 5
  data: [-0.362544, 0.127217, 0.000181, 0.000371, 0.0]
rectification_matrix:
  rows: 3
  cols: 3
  data: [1.000000, 0.000000, 0.000000, 0.000000, 1.000000, 0.000000, 0.000000, 0.000000, 1.000000]
projection_matrix:
  rows: 3
  cols: 4
  data: [219.884277, 0.000000, 175.480073, 0.000000, 0.000000, 240.684830, 113.160094, 0.000000, 0.000000, 0.000000, 1.000000, 0.000000]
