image_width: 346
image_height: 260
camera_name: cam0
camera_matrix:
  rows: 3
  cols: 3
  data: [252.9054203849548, 0, 167.69874184157155, 0, 253.73067656606804, 129.14259250062338, 0, 0, 1]
distortion_model: plumb_bob
distortion_coefficients:
  rows: 1
  cols: 5
  data: [-0.37592634361482263, 0.12735715902653189, 0.0001355084315698994, -0.00037873713776359727, 0]
