image_width: 1024
image_height: 1024
camera_name: cam0
camera_matrix:
  rows: 3
  cols: 3
  data: [747.3121949097032, 0.0,490.8606682225008, 0.0, 747.1524375957724, 505.2373814853779, 0.0, 0.0, 1.0]
distortion_model: equidistant
distortion_coefficients:
  rows: 1
  cols: 4
  data: [0.019702988705266412,  0.0019647288278805426, 0.0020858202586604944, -0.0009536922337319427]

