T_cam_imu:
q: 0.0398986261025 -0.0589401469889 0.824201507396 -0.561806046526
p: 0.450715658369 0.257302913435 0.213571475049
